  3  1  1  1
  4  1  1  2
  4  1  2  1
  4  2  1  1
  5  1  2  2
  5  2  1  2
  5  2  2  1
  6  1  1  4
  6  1  4  1
  6  2  2  2
  6  4  1  1
  7  1  2  4
  7  1  4  2
  7  2  1  4
  7  2  4  1
  7  4  1  2
  7  4  2  1
  8  2  2  4
  8  2  4  2
  8  4  2  2
  9  1  4  4
  9  4  1  4
  9  4  4  1
 10  1  1  8
 10  1  8  1
 10  2  4  4
 10  4  2  4
 10  4  4  2
 10  8  1  1
 11  1  2  8
 11  1  8  2
 11  2  1  8
 11  2  8  1
 11  8  1  2
 11  8  2  1
 12  2  2  8
 12  2  8  2
 12  4  4  4
 12  8  2  2
 13  1  4  8
 13  1  8  4
 13  4  1  8
 13  4  8  1
 13  8  1  4
 13  8  4  1
 14  2  4  8
 14  2  8  4
 14  4  2  8
 14  4  8  2
 14  8  2  4
 14  8  4  2
 16  4  4  8
 16  4  8  4
 16  8  4  4
 17  1  8  8
 17  8  1  8
 17  8  8  1
 18  2  8  8
 18  8  2  8
 18  8  8  2
 20  4  8  8
 20  8  4  8
 20  8  8  4
 24  8  8  8
