  1  0  81.1900  18.8100   0.1881
  1  1  65.9182  15.2718   0.1881
  1  2  53.5190  12.3992   0.1881
  1  3  43.4520  10.0669   0.1881
  1  4  35.2787   8.1733   0.1881
  1  5  28.6428   6.6359   0.1881
  1  6  23.2551   5.3877   0.1881
  1  7  18.8808   4.3743   0.1881
 ~   0.1881  18.8100  18.8808  -0.0708   4.3001
  2  0  81.1800  18.8200   0.1882
  2  1  65.9019  15.2781   0.1882
  2  2  53.4992  12.4027   0.1882
  2  3  43.4306  10.0685   0.1882
  2  4  35.2570   8.1736   0.1882
  2  5  28.6216   6.6354   0.1882
  2  6  23.2350   5.3866   0.1882
  2  7  18.8622   4.3728   0.1882
 ~   0.1882  18.8200  18.8622  -0.0422   4.3038
  3  0  81.1700  18.8300   0.1883
  3  1  65.8857  15.2843   0.1883
  3  2  53.4794  12.4063   0.1883
  3  3  43.4092  10.0702   0.1883
  3  4  35.2353   8.1740   0.1883
  3  5  28.6005   6.6348   0.1883
  3  6  23.2150   5.3855   0.1883
  3  7  18.8436   4.3714   0.1883
 ~   0.1883  18.8300  18.8436  -0.0136   4.3076
  4  0  81.1600  18.8400   0.1884
  4  1  65.8695  15.2905   0.1884
  4  2  53.4597  12.4098   0.1884
  4  3  43.3879  10.0718   0.1884
  4  4  35.2136   8.1743   0.1884
  4  5  28.5793   6.6342   0.1884
  4  6  23.1950   5.3843   0.1884
  4  7  18.8251   4.3699   0.1884
 ~   0.1884  18.8400  18.8251   0.0149   4.3113
  5  0  81.1500  18.8500   0.1885
  5  1  65.8532  15.2968   0.1885
  5  2  53.4399  12.4133   0.1885
  5  3  43.3665  10.0734   0.1885
  5  4  35.1919   8.1746   0.1885
  5  5  28.5582   6.6337   0.1885
  5  6  23.1750   5.3832   0.1885
  5  7  18.8065   4.3685   0.1885
 ~   0.1885  18.8500  18.8065   0.0435   4.3150
  6  0  81.1400  18.8600   0.1886
  6  1  65.8370  15.3030   0.1886
  6  2  53.4201  12.4169   0.1886
  6  3  43.3451  10.0750   0.1886
  6  4  35.1702   8.1749   0.1886
  6  5  28.5371   6.6331   0.1886
  6  6  23.1550   5.3821   0.1886
  6  7  18.7880   4.3670   0.1886
 ~   0.1886  18.8600  18.7880   0.0720   4.3187
  7  0  81.1300  18.8700   0.1887
  7  1  65.8208  15.3092   0.1887
  7  2  53.4004  12.4204   0.1887
  7  3  43.3237  10.0767   0.1887
  7  4  35.1485   8.1752   0.1887
  7  5  28.5160   6.6325   0.1887
  7  6  23.1350   5.3810   0.1887
  7  7  18.7695   4.3656   0.1887
 ~   0.1887  18.8700  18.7695   0.1005   4.3224
  8  0  81.1200  18.8800   0.1888
  8  1  65.8045  15.3155   0.1888
  8  2  53.3806  12.4239   0.1888
  8  3  43.3024  10.0783   0.1888
  8  4  35.1269   8.1755   0.1888
  8  5  28.4949   6.6320   0.1888
  8  6  23.1151   5.3798   0.1888
  8  7  18.7510   4.3641   0.1888
 ~   0.1888  18.8800  18.7510   0.1290   4.3262
  9  0  81.1100  18.8900   0.1889
  9  1  65.7883  15.3217   0.1889
  9  2  53.3609  12.4274   0.1889
  9  3  43.2810  10.0799   0.1889
  9  4  35.1052   8.1758   0.1889
  9  5  28.4739   6.6314   0.1889
  9  6  23.0952   5.3787   0.1889
  9  7  18.7325   4.3627   0.1889
 ~   0.1889  18.8900  18.7325   0.1575   4.3299
 10  0  81.1000  18.9000   0.1890
 10  1  65.7721  15.3279   0.1890
 10  2  53.3412  12.4309   0.1890
 10  3  43.2597  10.0815   0.1890
 10  4  35.0836   8.1761   0.1890
 10  5  28.4528   6.6308   0.1890
 10  6  23.0752   5.3776   0.1890
 10  7  18.7140   4.3612   0.1890
 ~   0.1890  18.9000  18.7140   0.1860   4.3337
 11  0  81.0900  18.9100   0.1891
 11  1  65.7559  15.3341   0.1891
 11  2  53.3214  12.4344   0.1891
 11  3  43.2384  10.0831   0.1891
 11  4  35.0620   8.1764   0.1891
 11  5  28.4318   6.6302   0.1891
 11  6  23.0553   5.3764   0.1891
 11  7  18.6956   4.3598   0.1891
 ~   0.1891  18.9100  18.6956   0.2144   4.3374
 12  0  81.0800  18.9200   0.1892
 12  1  65.7397  15.3403   0.1892
 12  2  53.3017  12.4379   0.1892
 12  3  43.2170  10.0847   0.1892
 12  4  35.0404   8.1767   0.1892
 12  5  28.4107   6.6296   0.1892
 12  6  23.0354   5.3753   0.1892
 12  7  18.6771   4.3583   0.1892
 ~   0.1892  18.9200  18.6771   0.2429   4.3411
 13  0  81.0700  18.9300   0.1893
 13  1  65.7234  15.3466   0.1893
 13  2  53.2820  12.4414   0.1893
 13  3  43.1957  10.0863   0.1893
 13  4  35.0188   8.1769   0.1893
 13  5  28.3897   6.6291   0.1893
 13  6  23.0155   5.3742   0.1893
 13  7  18.6587   4.3568   0.1893
 ~   0.1893  18.9300  18.6587   0.2713   4.3449
 14  0  81.0600  18.9400   0.1894
 14  1  65.7072  15.3528   0.1894
 14  2  53.2623  12.4450   0.1894
 14  3  43.1744  10.0879   0.1894
 14  4  34.9972   8.1772   0.1894
 14  5  28.3687   6.6285   0.1894
 14  6  22.9957   5.3730   0.1894
 14  7  18.6403   4.3554   0.1894
 ~   0.1894  18.9400  18.6403   0.2997   4.3486
 15  0  81.0500  18.9500   0.1895
 15  1  65.6910  15.3590   0.1895
 15  2  53.2426  12.4484   0.1895
 15  3  43.1531  10.0895   0.1895
 15  4  34.9756   8.1775   0.1895
 15  5  28.3477   6.6279   0.1895
 15  6  22.9758   5.3719   0.1895
 15  7  18.6219   4.3539   0.1895
 ~   0.1895  18.9500  18.6219   0.3281   4.3524
 16  0  81.0400  18.9600   0.1896
 16  1  65.6748  15.3652   0.1896
 16  2  53.2229  12.4519   0.1896
 16  3  43.1318  10.0911   0.1896
 16  4  34.9540   8.1778   0.1896
 16  5  28.3267   6.6273   0.1896
 16  6  22.9560   5.3707   0.1896
 16  7  18.6035   4.3525   0.1896
 ~   0.1896  18.9600  18.6035   0.3565   4.3562
 17  0  81.0300  18.9700   0.1897
 17  1  65.6586  15.3714   0.1897
 17  2  53.2032  12.4554   0.1897
 17  3  43.1105  10.0926   0.1897
 17  4  34.9325   8.1781   0.1897
 17  5  28.3058   6.6267   0.1897
 17  6  22.9362   5.3696   0.1897
 17  7  18.5852   4.3510   0.1897
 ~   0.1897  18.9700  18.5852   0.3848   4.3599
 18  0  81.0200  18.9800   0.1898
 18  1  65.6424  15.3776   0.1898
 18  2  53.1835  12.4589   0.1898
 18  3  43.0893  10.0942   0.1898
 18  4  34.9109   8.1783   0.1898
 18  5  28.2848   6.6261   0.1898
 18  6  22.9164   5.3685   0.1898
 18  7  18.5668   4.3495   0.1898
 ~   0.1898  18.9800  18.5668   0.4132   4.3637
 19  0  81.0100  18.9900   0.1899
 19  1  65.6262  15.3838   0.1899
 19  2  53.1638  12.4624   0.1899
 19  3  43.0680  10.0958   0.1899
 19  4  34.8894   8.1786   0.1899
 19  5  28.2639   6.6255   0.1899
 19  6  22.8966   5.3673   0.1899
 19  7  18.5485   4.3481   0.1899
 ~   0.1899  18.9900  18.5485   0.4415   4.3675
